
IntCal20	
B_Start HESTE1	
AAR-18536	-2029.5	-1950	-2129	-1898.5	
AAR-18535	-1947	-1883	-2017.5	-1777	
HESTE1	
HESTE1	
B_Transition HESTE1/HESTE2	
AAR-18539	-1737.5	-1631.5	-1860	-1616.5	
AAR-18538	-1740.5	-1617.5	-1870	-1535	
AAR-18537	-1610	-1538.5	-1625	-1507.5	
AAR-18543	-1611.5	-1517.5	-1685	-1459.5	
AAR-18540	-1605	-1508.5	-1613	-1502.5	
AAR-18541	-1604.5	-1504	-1614	-1498.5	
AAR-18542	-1508	-1448.5	-1530.5	-1434.5	
HESTE2	
HESTE2	
B_End HESTE2	
Sequence()	
@B_Start HESTE1	-2153	-1947	-2533.5	-1900.5	
@AAR-18536	-2019	-1943.5	-2113.5	-1893	
@AAR-18535	-1945.5	-1884.5	-2015	-1779	
@HESTE1	-2019	-1759	-2236.5	-1651.5	
@B_Transition HESTE1/HESTE2	-1768.5	-1638.5	-1906.5	-1622	
@AAR-18539	-1689	-1622.5	-1742.5	-1614	
@AAR-18538	-1697	-1548	-1743	-1535	
@AAR-18537	-1610	-1539.5	-1624.5	-1509.5	
@AAR-18543	-1611.5	-1528.5	-1676	-1497	
@AAR-18540	-1606	-1509	-1612	-1504	
@AAR-18541	-1605	-1505	-1612	-1501	
@AAR-18542	-1530.5	-1464.5	-1599.5	-1439	
@HESTE2	-1670.5	-1493.5	-1797	-1419	
@B_End HESTE2	-1512	-1432	-1558.5	-1325.5	