
IntCal20	
B_Start OZ	
Lv-1691	-5536.5	-5374	-5618.5	-5317	
Lv-1685	-5470	-5220	-5520	-5065	
Lv-1688	-5629	-4852	-5984.5	-4502.5	
Lv-1690	-5469.5	-5209	-5477.5	-5043.5	
Lv-1607	-5460.5	-5075.5	-5474	-5027	
Lv-1692	-5306	-5076.5	-5355	-5039.5	
Lv-1689	-5329.5	-4934.5	-5477	-4725	
Lv-1687	-5299	-5009.5	-5369	-4849.5	
OZ	
OZ	
B_End OZ	
Sequence()	
@B_Start OZ	-5455	-5268	-5615	-5197	
@Lv-1691	-5389.5	-5231	-5499	-5159.5	
@Lv-1685	-5371	-5215	-5465.5	-5125.5	
@Lv-1688	-5374	-5198.5	-5490.5	-5065	
@Lv-1690	-5364.5	-5209.5	-5457.5	-5109.5	
@Lv-1607	-5362.5	-5204	-5449	-5099	
@Lv-1692	-5353	-5197	-5424.5	-5090.5	
@Lv-1689	-5361	-5193	-5450.5	-5062.5	
@Lv-1687	-5352.5	-5189	-5427.5	-5066	
@OZ	-5374.5	-5194.5	-5499.5	-5054	
@B_End OZ	-5310.5	-5108	-5373	-4919	