
Exp(0.02,-300,0)	
U(0)	-0.5	0.5	-0.5	0.5	
FRAXSPE	
Exp(0.01,-600,0)	
U(0)	-0.5	0.5	-0.5	0.5	
FAGUSPE	
Exp(0.007463,-200,0)	
U(0,1)	9.97466e-18	1	9.97466e-18	1	
PINUSPE	
IntCal20	
B_Start BBT	
KIA-31090	-3368	-3105	-3489.5	-3096	
KIA-31093	-3357	-3107.5	-3363	-3100	
Hd-17311	-3347	-3101.5	-3369.5	-3014.5	
KIA-29266	-3331.5	-3101.5	-3349	-3038.5	
KIA-31091	-3326.5	-3094.5	-3336.5	-3029	
KIA-29268	-3324.5	-3033.5	-3334	-3024.5	
KIA-31092	-3324.5	-3033.5	-3334	-3024.5	
Hd-21149	-3323	-3024.5	-3337	-2934.5	
Hd-21146	-3318	-3024	-3333.5	-2935.5	
Hd-21161	-3097	-2933.5	-3318.5	-2919.5	
KIA-28904	-3090.5	-2929.5	-3318	-2911.5	
KIA-29267	-3010	-2920	-3080	-2908	
BBT	
BBT	
B_End BBT	
Sequence()	
@FRAXSPE	
@	
@	-0.5	0.5	-0.5	0.5	
@FAGUSPE	
@	
@	-0.5	0.5	-0.5	0.5	
@PINUSPE	-14.5	2.5	-23	2.5	
@	
@	0.033	1	0.027	1	
@B_Start BBT	-3357	-3113.5	-3400	-3097	
@KIA-31090	-3209.5	-3089	-3348.5	-3077.5	
@KIA-31093	-3209	-3091	-3342	-3081	
@Hd-17311	-3226	-3073	-3316.5	-3017.5	
@KIA-29266	-3238	-3089	-3320	-3032.5	
@KIA-31091	-3266	-3075	-3314.5	-3021	
@KIA-29268	-3267.5	-3030	-3315.5	-3024.5	
@KIA-31092	-3268	-3030	-3316	-3025	
@Hd-21149	-3259.5	-3018	-3313	-3004.5	
@Hd-21146	-3259.5	-3017	-3310.5	-3005	
@Hd-21161	-3094	-3009.5	-3304	-2937.5	
@KIA-28904	-3095	-3001	-3301	-2927.5	
@KIA-29267	-3089.5	-2986.5	-3257	-2931.5	
@BBT	-3202.5	-3013	-3329.5	-2949.5	
@B_End BBT	-3068	-2951	-3247.5	-2855	