
Exp(0.002994,-200,0)	
U(0,1)	9.97466e-18	1	9.97466e-18	1	
QUERSPE	
Exp(0.029412,-200,0)	
U(0)	-0.5	0.5	-0.5	0.5	
MALUSYL	
IntCal20	
B_Start BTH	
GU-1828	-3943.5	-3713	-3957	-3654	
GU-1831	-3945	-3657	-4212.5	-3525.5	
OxA-1769	-3941.5	-3657	-3972	-3639	
GU-1830	-3899	-3648	-3944.5	-3639.5	
GU-1832	-3794.5	-3651	-3944	-3640	
OxA-1768	-3782.5	-3643	-3944.5	-3541	
OxA-1767	-3701.5	-3514.5	-3769	-3373.5	
GU-1829	-3706.5	-3368	-3949.5	-3102	
BTH	
BTH	
B_End BTH	
Sequence()	
@QUERSPE	
@	
@	0.038	0.992	1.34441e-17	1	
@MALUSYL	-5	2.5	-8.5	2.5	
@	
@	-0.5	0.5	-0.5	0.5	
@B_Start BTH	-3824	-3701.5	-3959	-3655	
@GU-1828	-3779.5	-3655.5	-3849.5	-3643.5	
@GU-1831	-3769	-3658.5	-3864	-3630.5	
@OxA-1769	-3771.5	-3656.5	-3883	-3635.5	
@GU-1830	-3767.5	-3658.5	-3882.5	-3633.5	
@GU-1832	-3767.5	-3658	-3804	-3638.5	
@OxA-1768	-3763	-3669	-3801	-3636	
@OxA-1767	-3765	-3644	-3794	-3578	
@GU-1829	-3768	-3661	-3820.5	-3558	
@BTH	-3769	-3659.5	-3885	-3590.5	
@B_End BTH	-3730.5	-3618	-3774	-3502.5	