
IntCal20	
B_Start FE	
OxA-2590	-3498.5	-3102	-3599	-3023.5	
Hv-8450	-3339.5	-3099.5	-3368.5	-2933	
Hv-8453	-3280.5	-2911	-3332.5	-2899	
OxA-2587	-3312	-2909	-3337.5	-2894.5	
OxA-2591	-3092.5	-2888.5	-3338.5	-2774.5	
OxA-2589	-3319.5	-2700	-3355.5	-2582	
OxA-2588	-2910	-2674	-3009.5	-2579.5	
FE	
FE	
B_End FE	
Sequence()	
@B_Start FE	-3330	-3022.5	-3544.5	-2946.5	
@OxA-2590	-3216.5	-3010	-3369.5	-2921	
@Hv-8450	-3173	-2955	-3326	-2888	
@Hv-8453	-3118.5	-2924	-3281	-2840.5	
@OxA-2587	-3092.5	-2928	-3287.5	-2891	
@OxA-2591	-3084.5	-2913.5	-3282	-2874	
@OxA-2589	-3094.5	-2899.5	-3315	-2775	
@OxA-2588	-3075.5	-2855	-3094.5	-2712	
@FE	-3145	-2893	-3375.5	-2726.5	
@B_End FE	-3004.5	-2779	-3078.5	-2574.5	