
Exp(0.041667,-140,0)	
U(0)	-0.5	0.5	-0.5	0.5	
homosap	
IntCal20	
B_Start MNVLDV1	
Ly-1735	-5359	-4908.5	-5528.5	-4705	
Ly-2324	-5211.5	-4846	-5359	-4714	
Lyon-3566	-5201.5	-4956.5	-5207	-4937	
Lyon-3568	-5040	-4948	-5204	-4851.5	
SacA-5462	-5040	-4948	-5204	-4851.5	
Lyon-3567	-5029	-4935	-5199.5	-4847	
Lyon-3570	-4999	-4903	-5039.5	-4845	
Ly-2323	-4945	-4495	-5207	-4354.5	
MNVLDV1	
MNVLDV1	
B_End MNVLDV1	
Sequence()	
@homosap	-3.5	1.5	-7.5	1.5	
@	
@	-0.5	0.5	-0.5	0.5	
@B_Start MNVLDV1	-5051	-4984.5	-5098.5	-4948	
@Ly-1735	-5017.5	-4954	-5063.5	-4914.5	
@Ly-2324	-5015.5	-4954	-5059.5	-4914	
@Lyon-3566	-5023	-4955	-5044.5	-4941.5	
@Lyon-3568	-5014	-4955	-5039.5	-4939.5	
@SacA-5462	-5014	-4955	-5040.5	-4940	
@Lyon-3567	-5007	-4952	-5037.5	-4935	
@Lyon-3570	-5004.5	-4949.5	-5037	-4929.5	
@Ly-2323	-5015	-4952	-5054	-4906.5	
@MNVLDV1	-5016	-4953.5	-5061	-4910	
@B_End MNVLDV1	-4995	-4930.5	-5027.5	-4868	