
Exp(0.005,-120,0)	
U(0,1)	9.97466e-18	1	9.97466e-18	1	
ABIESPE	
Exp(0.02,-300,0)	
U(0)	-0.5	0.5	-0.5	0.5	
FRAXSPE	
Exp(0.002994,-200,0)	
U(0,1)	9.97466e-18	1	9.97466e-18	1	
QUERSPE	
Exp(0.05,-120,0)	
U(0)	-0.5	0.5	-0.5	0.5	
ALNUSPE	
IntCal20	
B_Start TY	
H-61/149	-4241.5	-3818	-4337	-3713	
KN-I.597	-3943	-3713.5	-3951	-3660.5	
LJ-1265	-3794.5	-3655.5	-3938.5	-3647.5	
LJ-1279	-3760.5	-3648.5	-3794	-3639	
K-540	-3904	-3532.5	-3954	-3384.5	
B-45	-3706	-3366.5	-3946.5	-3102	
K-539	-3635	-3376.5	-3767	-3194.5	
B-44	-3650	-3101	-3940	-2910.5	
B-43	-3644	-3124.5	-3785	-2968	
TY	
TY	
B_End TY	
Sequence()	
@ABIESPE	
@	
@	1.34441e-17	1	1.34441e-17	1	
@FRAXSPE	
@	
@	-0.5	0.5	-0.5	0.5	
@QUERSPE	
@	
@	0.008	0.964	1.34441e-17	1	
@ALNUSPE	-5.5	-1.20792e-13	-7.5	4.5	
@	
@	-0.5	0.5	-0.5	0.5	
@B_Start TY	-3898	-3711.5	-4064	-3658.5	
@H-61/149	-3823.5	-3654	-3978.5	-3638	
@KN-I.597	-3801.5	-3656.5	-3904.5	-3650	
@LJ-1265	-3774.5	-3654.5	-3893.5	-3644	
@LJ-1279	-3754.5	-3649	-3779	-3640.5	
@K-540	-3764	-3639	-3895.5	-3524.5	
@B-45	-3765	-3591.5	-3824.5	-3404.5	
@K-539	-3754.5	-3554.5	-3785	-3422.5	
@B-44	-3766	-3583.5	-3884.5	-3395	
@B-43	-3756.5	-3575	-3799	-3405	
@TY	-3791	-3600.5	-3943.5	-3424.5	
@B_End TY	-3701.5	-3474.5	-3761.5	-3296.5	